SECURITY_ID,CHARGOR_1,CHARGOR_2,CHARGOR_3,CHARGOR_4,CHARGOR_5
1000032, 30243740, 140183230, 190249108
1003145, 10197798, 80110437, 130276350, 180118059, 230105007
1039065, 130275808, 190249689
1074597, 180116568, 230105239, 260045432
1078015, 30245566, 120273093, 200234493
1084907, 30245515, 110139239
1091216, 130279546, 140185939
1105542, 100064953, 130273345
1154086, 80059111, 190249709, 190250378
1154210, 80112033, 130272119
1194838, 110139000, 110139651, 190250489, 200236822
119546, 10068669, 140067018, 230042618, 180044424, 120138611
119931, 10071006, 130100671, 130079956, 190095170
120335, 130102841, 130103446
120365, 120125282, 180041529
124036, 10080669, 180047900, 200099222
1249545, 30251050, 30251988
127889, 190095039, 260019789
130069, 10068669, 10080657, 90006870, 110008661, 140067018
132312, 80043657, 130134783, 
132545, 10041353, 10084385, 100028436, 130118313, 130121964
135767, 10080668, 130116511, 140074565
136534, 10093742, 130261021
139123, 180047097, 180047101, 190105114, 190105115, 190105264
139124, 10084381, 180049722, 180050012, 180082918, 190105128
139539, 10083023, 20020593, 250035975
142032, 110066859, 140077926, 180050101, 200103036, 230033314
142383, 10086881, 20020406, 140082087, 180047101, 
144569, 130131891, 130133250, 140044334
144833, 10098666, 120317532, 140061202
147145, 100008129, 180041424
147541, 10094403, 130138087, 140088858, 260025670
149113, 180054064, 180054236, 250044142
149663, 120151302, 130132465, 160029769, 230014308
149738, 130131480, 140064524, 190125431
150810, 80050670, 140047472
151233, 130131564, 190119785
151901, 110066067, 190119926
153205, 130186531, 190112574, 190119944, 260025938
1535733, 10204050, 10207606
154991, 140077681, 140078456
157001, 10094238, 80051487, 190122430
158611, 120155561, 120156266, 200114022
159941, 110067963, 200114038
161265, 120149487, 130122648, 140044042, 160032932, 260026597
161273, 120148602, 190124215
161307, 30114781, 130134999, 260025908
161419, 30022484, 120156745, 190124149, 190124151, 210004306
162429, 10095866, 100033220, 120157230, 130032381, 130138632
162759, 110068781, 110068783
163534, 130127538, 130128718, 130130105, 140082100
172301, 30118151, 40017044, 60024213, 70026197, 120163964
177603, 90027008, 130141645, 130259885
192389, 130269716, 160031127
198068, 70027271, 80056915
2042723, 130306033, 160077263
2570215, 10231754, 140041118
2803517, 150054423, 160079264
52893, 60045865, 230048924
59728, 130040445, 130098837, 130103310
59862, 60017794, 130040587
672142, 110126814, 110139000, 110139239, 120273093, 120324503
70848, 20009232, 260008531
778392, 120301094, 120307941, 120317834, 260051984
77925, 10057820, 10063050, 80038076, 80039618, 80041329
780163, 80104045, 130236467, 130262107, 130262108, 190235448
780231, 180108430, 210007277 
800504, 80103399, 140077145
813216, 10183735, 130150602
81895, 10066785, 130096213, 260018230
870833, 10186878, 10194914, 10195962, 20020447, 60033983
874648, 10193701, 10193707, 30059585, 30203768, 30204299
894591, 50015838, 180114962, 180117824
901556, 10208256, 50029579, 80117290, 110146403, 110146416
904561, 50026272, 130262515, 150046577, 180113929, 190241097
904800, 10193691, 90027878, 100063964, 110136290, 120321320
908224, 80104059, 180114109
918072, 120324361, 130273064
924980, 10194671, 130262887, 130275622
945215, 10201745, 30182908, 130222765, 130255551, 180116568
953892, 10194909, 230104090
960003, 120150138, 230099058
960009, 10195478, 80108997, 90027403, 120321430, 120321603
